4.094
4.1
4.102
4.103
4.104
4.112
4.112
4.114
4.114
4.117
4.118
4.12
4.124
4.126
4.134
4.136
4.14
4.142
4.155
4.159
